6
-5
0
-2
10
3
21
20
4
-6
3
5
4
11
8
10
0
2
3
4
16
16
-2
2
6
12
-5
-7
12
9
35
3
4
39
4
0
7
7
16
6
0
20
6
14
6
11
10
-1
19
4
0
12
0
-9
12
0
-4
0
15
19
0
14
-5
1
19
5
0
-4
16
5
3
12
8
30
2
0
-9
31
0
0
13
0
43
3
7
1
4
7
0
1
18
13
6
6
0
8
6
-1
1
0
0
0
-3
30
3
3
3
7
13
2
0
68
-5
0
18
9
5
19
13
-3
0
9
0
5
18
8
5
1
10
3
10
14
1
-2
0
6
-1
6
0
38
12
6
4
10
-4
0
-10
5
17
41
3
8
9
18
19
3
2
2
3
4
5
13
0
6
0
16
2
20
3
6
16
4
1
-2
0
-2
26
7
6
3
18
-3
9
5
1
8
18
8
2
1
27
7
-4
5
3
9
9
7
30
4
34
-2
8
3
6
0
10
6
11
0
3
-1
22
0
-12
6
8
13
10
-3
-3
2
-1
6
3
3
0
-10
8
0
18
3
21
9
0
0
6
6
4
-11
3
54
0
6
-2
4
6
-2
11
0
9
1
10
4
-5
8
3
14
1
21
-9
9
0
4
16
-2
10
-1
0
3
17
-7
-2
-13
1
10
2
-6
3
27
-1
7
3
2
1
8
1
16
7
19
2
1
13
16
-5
-4
4
1
-21
5
10
3
-9
1
1
18
3
5
10
3
13
1
11
0
3
10
9
14
1
3
12
7
2
6
12
5
8
10
-3
1
8
2
20
1
4
11
9
16
0
10
16
15
4
-5
12
0
10
5
9
5
-4
4
13
0
-5
31
0
0
0
6
3
2
0
2
11
0
14
2
8
5
19
12
12
7
8
5
0
3
0
-2
15
1
2
25
1
3
-1
0
2
1
14
0
0
-1
9
5
4
1
1
51
0
18
3
0
7
8
2
-7
11
2
1
-2
0
20
-3
8
21
1
37
7
19
1
-7
2
5
28
2
1
23
7
0
3
0
0
10
2
3
2
4
6
2
13
20
4
0
0
7
3
4
6
13
18
13
3
19
-3
4
8
7
0
4
-2
12
0
16
9
5
-10
1
6
0
11
10
10
2
-1
13
3
3
8
11
8
9
23
18
1
9
12
14
-8
1
22
2
0
7
3
-4
3
22
0
1
6
-2
3
0
3
0
3
0
2
0
-9
11
14
1
2
3
4
0
5
11
23
2
-4
14
8
7
0
0
0
4
1
16
13
-3
3
3
6
1
1
-5
6
18
5
8
0
0
10
9
-3
9
0
30
8
1
16
12
0
12
10
19
0
-1
6
16
2
10
-3
22
30
4
0
2
0
5
8
3
11
-6
4
10
7
8
0
54
1
-4
3
5
2
16
0
0
3
4
-2
0
0
0
1
13
8
11
16
-5
7
-1
14
0
7
53
14
0
0
3
0
3
11
3
5
4
0
13
0
-7
6
16
4
2
20
43
15
15
5
4
3
45
12
0
9
7
5
20
1
12
3
8
5
-3
-5
7
0
3
3
0
0
0
15
-6
-7
14
6
3
20
0
8
0
6
4
13
-10
6
20
-3
4
17
5
1
18
15
15
-6
4
13
0
0
-4
-3
14
8
4
7
0
11
3
0
5
5
4
0
1
-3
18
9
4
-3
22
-8
3
14
-1
3
-1
12
5
0
0
-3
2
9
0
0
2
0
13
17
9
11
0
5
-8
3
0
4
3
0
0
8
2
0
14
14
2
2
-5
4
-3
-7
6
11
0
0
0
0
0
3
1
-2
-5
4
6
-4
2
3
1
-2
5
-2
-7
0
0
2
-3
7
6
0
20
-9
0
13
4
1
-3
20
3
4
25
16
12
1
3
22
14
4
18
7
24
-2
-2
13
-4
14
15
3
32
7
0
0
15
-6
9
0
0
7
-1
8
0
5
1
4
23
1
-2
4
-1
7
6
0
-4
0
13
1
3
11
-11
4
5
3
9
0
-3
0
4
4
4
-5
25
2
20
11
16
31
1
-8
16
5
9
0
1
7
0
8
9
17
14
3
0
-1
7
5
3
24
9
3
2
7
11
14
0
0
39
3
9
0
7
15
11
10
1
2
6
7
5
0
3
4
15
8
3
1
13
-2
12
0
4
0
0
-7
11
2
5
-9
8
2
2
39
17
9
15
-6
15
8
21
0
2
0
10
2
18
3
3
3
4
12
4
-1
-3
0
17
0
12
13
0
5
3
4
20
6
6
24
27
3
-1
-1
36
0
4
3
-11
5
43
18
12
-2
5
17
-2
3
0
8
4
2
3
-7
-4
12
-4
3
0
4
0
12
3
2
0
19
19
10
0
10
1
1
-2
0
-1
6
1
2
3
15